aircraft_type,125,250,500,750,1000,1500,2000,2500,3000,3500,4000,4500,5000,5500,6000,6500,7000,7500,8000,8500
A20N,1714,2360,3652,4944,6236,8849,11497,14146,16794,19442,22091,24739,27387,30036,32684
A21N,2090,2790,4191,5592,6992,9794,12595,15919,19941,23964
A306,3119,6571,9245,12769,16209,22932,29522,36026,42467,48862,55220,61549
A318,1488,3016,3925,5234,6482,8931,11335,13729,16130
A319,1596,3259,4323,5830,7271,10026,12668,15233,17741,20203
A320,1672,3430,4585,6212,7772,10766,13648,16452
A321,1909,3925,5270,7157,8970,12456,15818,19094,22308
A332,3395,6964,9550,12994,16321,22747,28973,35065,41057,46970,52422,57231,61889,66406,70793,75058,79207
A333,3497,7277,9980,13579,17055,23769,30276,36642,42903,49082,54788,59831,64719,69463
A359,1904,3606,7011,10416,13821,20631,27441,34251,41061,47870,54680,61490,68300,75110,81920,88730,95540,102350,109159
A388,5851,12016,17623,24940,32211,46695,61160,75638,90143,104681,119255,133865,148512,163196,177916,192517,203465,214166,224632
B38M,1601,2245,3532,4820,6107,8682,11258,13833,16408,18983
B39M,1810,2479,3817,5155,6493,9169,11845,14521,17197,19873
B734,1685,3482,4707,6419,8069,11250,14328,17335,20289,23203,26084
B737,1586,3202,4173,5570,6895,9410,11804,14113,16360,18558,20715
B738,1715,3494,4621,6221,7749,10666,13460,16170,18818,21415,23972
B739,1782,3641,4839,6533,8154,11255,14233,17125,19954,22733,25471
B748,4416,8983,13175,18645,24081,34908,45722,56546,67389,78258,89153,100075,111025,122002,133007,142263,150070,157662
B744,4719,9690,14212,20113,25977,37657,49323,60999,72696,84420,96173,107956,119768,131607,140292,148734,156946,164938
B752,2147,4394,5824,7850,9787,13489,17038,20483,23849,26780
B763,2900,5799,7971,10965,13879,19557,25104,30566,35966,41318,46632,51915,57172,62106,65700,69112
B772,3691,7819,10880,14930,18866,26518,33982,41320,48566,55742,62861,69933,76966,83966,90378,96168,101853,107440
B77L,3809,8069,11228,15408,19469,27367,35069,42642,50120,57525,64872,72171,79429,86653,93846,100496,106451,112306,118066,123735
B77W,4129,8667,12143,16731,21202,29924,38457,46865,55184,63436,71633,79786,87903,96089,102838,109465,115978,122384
B788,2638,5517,7708,10603,13421,18911,24276,29557,34779,39954,45093,50202,55286,60348,65392,70419,75433,81221,84439
B789,2445,3925,6884,9842,12801,18719,24636,30554,36472,42389,48307,54224,60142,66060,71977,77895,83813,89730
MD11,4773,9546,12908,17630,22203,31065,39677,48121,56441,64666,72813,80895,88923,96903,104843,112745,120615